34
**OO****    1   2 2 3
***OO***    1   2 2 5
**O*O***    1   2 2 4
**O**O**    1   2 3 4
**OO*O**    3   2 3 3  2 1 3  2 3 6
*O*O*O*     1   2 2 4
*O**OO***   3   2 1 5  2 0 2  2 0 5
O**O*O***   3   2 1 4  2 0 4  2 1 6
*O***O*O*   1   2 4 5
*O**O**O*   1   2 3 5
***OOO***   1    2 1 7
*OO****OO*  1   2 4 5
*OOO***OOO* 1   2 5 5
*OO****OOO* 2   2 5 7  2 5 6
**OOO***    3   2 2 2  2 1 2  2 2 6
*OOO**      3   1 5  1 1  1 0
OOO***      3   1 1  1 2  1 0
O*OO**      3   1 4  1 1  1 0
O**OO*      3   1 0  1 3  1 4
O***OO      3   1 2  1 3  1 4
OO*O**      3   1 0  1 1  1 3
OO**O*      3   1 0  1 2  1 3
OO***O      3   1 1  1 2  1 3
O*O**O      3   1 1  1 2  1 4
O*O*O*      3   1 2  1 4  1 0
*OO***OO    3   1 2  1 3  1 4
OOOO**      1   2 0 1
OOO*O*      1   2 0 2
OOO**O      1   2 1 2
OO*OO*      1   2 0 3
OO*O*O      1   2 1 3
OO**OO      1   2 2 3
O*OOO*      1   2 0 4
O*OO*O      1   2 1 4
